
   x[1]: 0.000000
   x[2]: 1.000000
   x[3]: 2.000000